0 199
0 21
0 198
0 138
0 182
0 131
0 81
0 90
1 7
1 72
3 30
3 92
4 157
4 181
8 115
9 22
10 143
10 6
11 196
11 189
12 144
12 63
17 113
17 132
18 26
18 129
21 95
21 173
21 142
21 148
21 184
21 48
23 104
25 191
30 32
32 153
32 127
33 89
34 71
36 69
37 108
41 172
41 11
41 76
43 38
44 87
44 192
45 94
48 77
50 100
50 156
51 163
51 188
54 171
55 194
57 178
57 161
58 136
58 102
58 167
60 169
60 52
60 134
63 53
63 119
66 97
71 51
72 9
72 47
73 3
73 117
73 114
75 109
75 82
76 50
76 140
80 49
81 147
83 176
83 152
83 193
84 168
84 39
85 60
85 62
86 124
86 111
87 149
87 29
89 75
90 116
90 91
90 186
91 84
91 80
94 175
94 88
95 34
96 8
96 27
100 177
102 160
103 145
103 126
105 128
112 58
112 40
113 150
113 118
114 107
116 174
116 36
117 86
117 44
117 123
120 64
120 25
121 18
122 137
122 141
125 133
126 110
126 31
128 10
132 122
133 106
133 67
133 165
135 5
136 55
136 42
137 46
137 43
138 139
139 57
139 45
141 70
141 101
142 83
143 98
144 54
144 183
144 162
145 79
146 96
146 24
147 105
147 170
148 41
148 121
149 19
152 179
152 16
155 61
155 151
158 28
159 4
159 164
161 14
161 68
163 2
168 155
169 65
175 20
175 197
178 23
178 56
180 33
180 78
181 93
181 74
182 180
182 99
182 190
182 37
182 158
184 103
184 125
184 13
185 187
185 1
186 112
186 135
189 130
189 15
192 35
192 195
196 66
196 59
198 12
198 159
198 73
198 120
198 166
199 85
199 154
199 17
199 146
199 185
