0 5.589595 3.698261 0.000000
1 8.031596 3.931353 0.000000
2 0.541159 7.695767 5.346338
3 4.835262 2.857174 0.000000
4 0.701234 8.106803 5.535288
5 6.381239 2.907130 0.000000
6 5.123203 4.414200 0.000000
7 2.328896 3.618891 0.000000
8 2.958669 9.545906 6.017862
9 8.946787 5.276063 1.024801
10 9.094055 0.806532 1.716319
11 6.972504 6.304709 0.000000
12 8.737365 1.814432 2.268504
13 7.076769 3.515520 0.000000
14 7.118556 7.683312 0.000000
15 2.986011 8.775867 5.929026
16 9.359066 2.313638 2.062440
17 2.644119 0.037268 3.230200
18 3.133327 5.756354 0.000000
19 1.499022 1.157360 4.080316
20 2.806827 7.175556 0.000000
21 7.980203 4.761501 0.991210
22 2.789901 1.678221 0.000000
23 4.818793 8.534939 0.048446
24 9.293080 0.199141 2.046691
25 3.819011 2.834634 0.000000
26 1.687657 3.833246 5.034993
27 2.191714 7.180083 5.698858
28 8.363969 2.846514 0.000000
29 7.125509 9.723100 5.978555
30 1.356623 9.154292 5.650722
31 3.255748 4.325659 0.000000
32 2.376531 8.317648 5.922872
33 8.825198 0.082354 2.269964
34 1.000127 4.529514 4.789046
35 8.521618 1.642763 1.005907
36 1.595799 0.218360 3.827187
37 7.356111 5.352229 2.758721
38 1.553620 6.982337 5.374801
39 7.725425 1.007116 0.000000
40 4.907563 4.975100 0.000000
41 5.964985 9.318243 6.230819
42 6.004557 9.909381 6.249050
43 9.108312 4.050213 0.211383
44 2.691822 2.030841 0.000000
45 6.431406 3.747694 0.000000
46 1.305336 2.565306 5.080317
47 0.304858 8.140956 5.431330
48 4.659678 5.253142 0.000000
49 9.623094 2.193599 2.049171
50 2.909948 8.750095 5.888518
51 8.999169 3.541597 0.000000
52 2.596554 2.075936 5.154489
53 7.347355 9.017520 0.000000
54 4.738031 5.033486 0.000000
55 9.516604 8.233386 2.341752
56 3.724499 9.611267 6.188201
57 9.725073 4.523454 0.636629
58 4.014817 6.563964 0.000000
59 0.875773 8.233784 5.544190
60 2.117357 7.913886 5.531994
61 3.948594 9.395455 6.259801
62 0.932073 9.053621 5.498669
63 1.272420 0.567730 4.080639
64 3.672999 7.462951 0.001515
65 6.738760 8.645738 5.907323
66 3.309981 9.754385 6.156083
67 6.868165 2.032983 0.000000
68 7.657565 9.605708 0.485325
69 3.278359 1.196903 2.348833
70 9.450046 5.073997 0.989741
71 6.828851 8.229979 5.795869
72 1.737942 8.504345 5.605764
73 9.674924 2.528013 2.553568
74 4.934355 8.350510 0.007937
75 5.605522 4.280445 0.000000
76 6.136465 6.046642 0.000000
77 5.699863 1.779683 3.685207
78 9.955918 5.105764 1.022838
79 9.974582 5.678665 0.929555
80 7.440488 0.957563 0.000000
81 7.409333 2.463734 2.490678
82 3.672009 7.192949 6.282571
83 1.128053 9.986923 5.744873
84 0.977892 0.640621 4.192342
85 0.205032 8.518923 5.506580
86 2.299556 0.216123 3.465176
87 8.518228 8.950264 1.628174
88 3.672177 6.920107 0.000000
89 5.930556 1.293379 3.413931
90 1.045658 4.173149 5.120107
91 2.777317 4.393013 0.000000
92 9.253584 6.400479 1.528837
93 0.346308 7.652850 5.279614
94 9.888797 8.322123 1.927825
95 9.136375 8.602787 0.000000
96 5.270797 2.806375 0.000000
97 2.243670 6.444114 0.000000
98 4.798220 4.847371 0.000000
99 9.184374 9.035467 1.561027
