31.243218,30.006227
7.183333,5.583333
42.997805,-84.176636
40.709385,-74.011323
40.295372,-83.067624
41.791838,-116.965675
48.473190,-92.109721
51.082401,0.696214
33.777675,-89.827225
40.807064,-124.146998
51.723972,-1.275114
51.771097,-1.307656
51.748554,-1.399862
51.772134,-1.210543
51.724612,-1.214536
51.905882,-1.522097
34.842073,-112.442569
41.479443,-73.135277
20.301092,-89.418601
36.310700,-78.590834
42.442018,-75.597685
20.353084,-102.766798
34.207589,-119.076297
36.104562,-115.083855
34.147461,-119.186114
34.200556,-119.206944
37.117297,-93.351159
46.184327,-93.845329
34.153612,-119.217576
47.660942,17.632789
47.642913,10.438391
4.661390,-52.332500
52.421700,-6.466800
8.873106,76.769720
11.043173,76.076492
-0.507896,34.738166
41.002862,28.978080
32.778471,-85.951935
40.669761,-73.789169
45.130925,6.039487
42.008399,-78.258069
-33.907609,151.091957
8.145755,123.841721
-33.886258,25.588593
30.708889,-101.204167
37.174999,-5.616000
20.143025,-101.276327
44.448215,11.467291
49.877024,-97.143888
20.609781,-103.334741
44.455048,4.414462
33.265886,-116.985489
25.397254,-100.983896
39.249358,-81.637277
77.389537,107.537395
30.038628,-82.949862
41.885456,-87.622443
52.372951,-114.915998
42.827201,-84.221504
46.162655,-67.594303
53.350417,-6.260683
40.758085,-86.761076
41.934389,-87.832015
53.352179,-6.294843
28.743076,-82.253368
39.487447,-118.815857
33.083333,35.250000
42.645332,-78.638618
36.169234,-90.814283
37.128333,-119.693333
29.723494,-95.760143
37.349800,137.256698
42.304687,-89.042409
37.978402,-122.282306
46.433359,-62.852011
47.555002,19.089651
59.366824,18.224062
39.733323,-105.157247
43.678365,-70.463177
29.565668,-98.383430
36.813388,-76.075027
15.350490,120.460800
33.255910,-117.208435
31.343410,34.829009
45.122881,124.793177
38.758606,-90.716198
35.255995,-81.052568
35.737246,-91.195082
21.432529,-157.833096
36.223847,-81.101035
37.977255,-94.041609
21.558945,39.223153
48.095066,9.809689
35.463020,-97.629016
45.270395,2.324400
40.727201,-74.076255
33.200592,-117.360594
45.539624,-62.652293
14.644829,121.087053
49.848352,2.886829
28.006782,-82.583099
42.360353,-71.058320
30.435851,-91.007560
18.345041,-66.188532
41.886944,-87.801111
46.138579,-98.090379
9.135587,76.510677
6.456773,3.471257
43.796105,-99.395657
52.614977,-1.122882
38.660957,-121.258825
30.075445,-97.295379
19.499082,-154.907253
40.586725,-73.811499
21.381833,-158.016298
34.041374,-117.918358
39.824420,-74.176615
31.906517,-102.341126
49.720137,0.678247
48.426141,-123.316516
40.641111,-73.278333
29.540250,-98.638747
49.773272,-97.323159
41.457006,-70.551779
41.839787,-87.953553
41.844817,-87.985636
41.833718,-87.937038
41.832303,-87.956215
41.850030,-87.964508
28.159195,-82.351256
35.963769,-77.308021
38.677870,-81.998733
30.337553,-97.800285
32.743743,-96.852375
29.685277,-95.183292
45.620594,-122.610302
32.744196,-96.823829
35.419037,-97.470488
37.431919,-122.187286
34.780297,-111.762653
40.274981,-106.958383
35.504752,-97.749966
44.389103,-89.808239
39.466466,-91.557652
-34.563403,150.819121
39.005007,-94.129391
33.191782,-86.299420
36.120900,-90.510662
38.225605,-91.151254
45.340798,-93.326897
36.205355,-96.338070
32.535137,-96.319425
41.410589,-90.570691
36.459686,-93.435898
33.980650,-81.143433
36.411771,-82.424588
31.536278,-89.207837
37.972334,-81.148713
30.229640,-89.792563
41.506717,-83.146587
36.599280,-81.338392
28.864434,-80.854497
39.128392,-84.497746
38.729877,-78.417847
31.920983,-87.082763
30.235724,-97.839515
40.824787,-79.913111
35.827651,-78.659170
39.148900,-84.649740
30.359915,-91.087604
34.399720,-117.339720
45.541228,-122.841212
44.512281,-64.294946
33.914588,-78.194098
32.685789,-96.572261
49.766191,-100.630859
37.224767,-80.434522
43.030299,-88.066921
32.520415,-96.854722
35.931369,-77.905318
41.022657,-121.969165
33.620937,-85.871077
42.493719,-83.082438
40.495559,-89.017569
41.909328,-87.789891
45.031356,-92.792984
32.358233,-82.314569
37.933088,-122.064058
38.611714,-90.282573
38.305625,-85.696351
41.993676,-87.794782
38.551390,-121.470000
42.739435,-84.541221
33.190119,-96.991674
38.681205,-121.071128
36.174867,-79.986516
37.501161,-89.729820
33.405313,-111.790933
41.046362,-74.485685
36.173469,-79.988928
30.160216,-95.444383
33.536867,-86.732836
33.648163,-97.038342
32.624027,-91.772903
30.154063,-85.635458
28.471116,-81.424515
35.985891,-84.280548
36.001095,-84.246603
43.944508,-79.454928
40.874289,-74.250682
32.405672,-86.176227
34.649288,-105.453032
32.488748,-97.834198
42.462405,-83.442956
39.007774,-77.389012
31.438506,-89.964527
32.033488,-96.513041
39.805807,-75.158806
36.114217,-115.461330
43.005640,-71.454538
34.399996,-119.300113
32.603873,-83.594274
-26.094333,28.136112
39.374956,-112.335498
45.340833,-93.326667
51.250621,-0.627668
46.387145,-92.594105
41.362254,-83.134264
43.583333,-65.633333
53.137899,-1.157121
40.236952,-97.903374
30.025382,-95.446656
44.082545,-117.005045
49.939118,-96.842580
41.605143,-88.562794
29.655117,-95.225070
42.287439,-88.973871
38.965874,-84.599074
31.302914,-89.376534
42.668273,-83.607804
-32.233664,115.822035
44.253307,-86.334161
37.193484,-77.455817
26.211906,-80.217493
41.427591,-82.239297
35.615108,-79.211277
29.601413,-96.831382
37.610294,-97.296989
35.743802,-87.016931
42.760339,-84.387544
36.391773,-87.461563
53.745129,-1.471872
33.768969,-84.949034
32.743316,-96.852732
53.003519,-1.922978
52.999574,-1.924955
37.805299,-122.285946
35.225701,-80.328952
38.999783,-84.685223
41.966976,-87.649406
50.564879,-100.576894
33.506556,-117.681253
42.988100,-81.305297
35.985631,-84.553270
41.465836,-72.158623
30.795812,-92.678731
40.398125,-80.185613
34.880143,-81.051191
40.402498,-80.187828
38.261717,-89.501479
42.069729,-97.969231
43.959688,-90.381798
53.603503,-2.394214
51.693181,-3.180964
37.765628,-120.846732
51.672078,-3.185762
51.669127,-3.227724
29.608281,-95.556878
37.736198,-122.393157
29.502209,-98.573647
-26.262543,28.055200
51.019535,-3.209477
52.696833,-2.440785
53.233058,-3.104255
27.930613,-80.598326
53.746165,-1.741728
47.128228,-117.242682
-27.433955,151.720935
46.098889,-68.150000
43.686101,-88.546495
31.775892,-83.969006
46.005038,-60.154055
35.713333,-88.793889
40.153085,-74.959357
40.145700,-74.979324
44.892368,-92.884823
52.780052,-1.228123
53.439764,-2.241156
42.352711,-72.044978
52.503288,-2.061608
41.400608,-83.135942
33.729283,-93.620734
42.068570,-72.218600
36.589661,-93.655757
31.120175,-97.933150
51.223713,-2.522902
37.827641,-121.279146
37.328000,-119.649315
29.743258,-95.335773
30.737136,-95.316052
40.270921,-74.015882
36.081700,-96.065549
52.212910,0.090220
34.366605,-109.742300
39.522017,-79.343435
37.735577,-122.369553
39.407875,-79.406712
-46.193373,168.863009
37.746820,-122.144407
33.309928,-111.910376
37.769970,-122.223641
40.441430,-79.956396
41.719327,-92.819980
42.652999,-83.310894
37.952353,-121.954848
37.781354,-122.420649
37.799902,-122.276289
37.818919,-122.218443
-33.394267,-70.664780
37.843851,-122.251838
37.833628,-122.202983
37.755491,-122.146219
33.722327,-84.429683
38.339519,-87.352433
37.805270,-122.272519
33.725404,-84.426457
40.445160,-79.943717
29.536501,-98.596829
40.740006,-73.756611
25.945339,-80.321199
37.629775,-122.468473
33.693635,-84.202175
44.540222,-69.721995
41.835706,-96.466663
41.950081,-75.604905
